80320140905232724
80320140905232737
80320140905232758
80320140905232819
80320140905232835
80320140905232850
80320140905232902
80320140905232916
80320140905232927
80320140905235036
80320140905235045
80320140905235054
80320140905235102
80320140905235111
80320140905235120
80320140905235128
80320140905235156
80320140905235205
80320140905235213
80320140905235222
80320140905235231
80320140905235240
80320140905235248
80320140905235256
80320140905235306
80320140905235315
80320140905235324
80320140905235343
80320140905235352
80320140905235402
80320140905235411
80320140905235421
80320140905235432
80320140905235453
80320140905235502
80320140905235512
80320140905235522
80320140905235531
80320140905235541
80320140905235550
80320140905235600
80320140905235610
80320140905235619
80320140905235628
80320140905235637
80320140905235647
80320140905235657
80320140905235707
80320140905235717
80320140905235727
80320140905235739
80320140905235753
80320140905235814
80320140905235824
80320140905235834
80320140905235844
80320140905235854
80320140905235924
80320140905235934
80320140905235944
80320140905235954
80320140906000004
80320140906000015
80320140906000025
80320140906000039
80320140906000056
80320140906000118
80320140906000129
80320140906000138
80320140906000148
80320140906000158
80320140906000219
80320140906000230
80320140906000240
80320140906000250
80320140906000301
80320140906000311
80320140906000322
80320140906000333
80320140906000350
80320140906000411
80320140906000420
80320140906000431
80320140906000442
80320140906000452
80320140906000502
80320140906000512
80320140906001100
80320140906001113
80320140906001131
80320140906001155
80320140906001227
80320140906001236
80320140906001245
80320140906001317
80320140906001346
80320140906001400
80320140906001417
80320140906001427
80320140906001457
80320140906001518
80320140906001527
80320140906001537
80320140906001604
80320140906001620
80320140906001634
80320140906001654
80320140906001706
80320140906001727
80320140906001751
80320140906001820
80320140906001846
80320140906001911
80320140906002002
80320140906002013
80320140906002037
80320140906002050
80320140906002100
80320140906002111
80320140906002124
80320140906002147
80320140906002205
80320140906002240
80320140906002251
80320140906002309
80320140906002327
80320140906002351
80320140906002409
80320140906002446
80320140906002454
80320140906002515
80320140906002541
80320140906002553
80320140906002627
80320140906002705
80320140906002735
80320140906002754
80320140906002806
80320140906002824
80320140906002835
80320140906002851
80320140906002910
80320140906002939
80320140906003000
80320140906003013
80320140906003029
80320140906003045
80320140906003105
80320140906003116
80320140906003129
80320140906003154
80320140906003210
80320140906003223
80320140906003236
80320140906003255
80320140906003310
80320140906003334
80320140906003346
80320140906003400
80320140906003420
80320140906003440
80320140906003456
80320140906003507
80320140906003523
80320140906003557
80320140906003612
80320140906003633
80320140906003706
80320140906003724
80320140906003740
80320140906003758
80320140906003821
80320140906033912
80320140906033922
80320140906033932
80320140906033941
80320140906033952
80320140906034002
80320140906034014
80320140906034025
80320140906034036
80320140906034047
80320140906034059
80320140906034110
80320140906034122
80320140906034134
80320140906034146
80320140906034205
80320140906034217
80320140906034230
80320140906034251
80320140906034303
80320140906034316
80320140906034329
80320140906034344
80320140906034409
80320140906034423
80320140906034437
80320140906035517
80320140906035527
80320140906035536
80320140906035546
80320140906035556
80320140906035607
80320140906035619
80320140906035630
80320140906035641
80320140906035652
80320140906035703
80320140906035715
80320140906035727
80320140906035739
80320140906035751
80320140906035809
80320140906035821
80320140906035834
80320140906035855
80320140906035907
80320140906035920
80320140906035934
80320140906035949
80320140906040013
80320140906040041
80320140906041435
80320140906041445
80320140906041453
80320140906041502
80320140906041510
80320140906041519
80320140906041527
80320140906041536
80320140906041545
80320140906041554
80320140906041602
80320140906041611
80320140906041620
80320140906041629
80320140906041638
80320140906041647
80320140906041656
80320140906041705
80320140906041714
80320140906041723
80320140906041731
80320140906041741
80320140906041750
80320140906041759
80320140906041808
80320140906041818
80320140906041827
80320140906041837
80320140906041846
80320140906041856
80320140906041908
80320140906041919
80320140906041929
80320140906041938
80320140906041948
80320140906041958
80320140906042008
80320140906042017
80320140906042027
80320140906042035
80320140906042045
80320140906042055
80320140906042104
80320140906042113
80320140906042123
80320140906042133
80320140906042143
80320140906042153
80320140906042203
80320140906042215
80320140906042228
80320140906042241
80320140906042250
80320140906042301
80320140906042311
80320140906042321
80320140906042331
80320140906042350
80320140906042400
80320140906042410
80320140906042420
80320140906042430
80320140906042441
80320140906042451
80320140906042502
80320140906042514
80320140906042532
80320140906042543
80320140906042554
80320140906042604
80320140906042615
80320140906042625
80320140906042635
80320140906042657
80320140906042707
80320140906042717
80320140906042727
80320140906042738
80320140906042749
80320140906042759
80320140906042810
80320140906042826
80320140906042847
80320140906042857
80320140906042908
80320140906042918
80320140906042929
80320140906042939
80320140906042949
80320140906045313
80320140906045321
80320140906045329
80320140906045337
80320140906045346
80320140906045354
80320140906045403
80320140906045412
80320140906045421
80320140906045430
80320140906045439
80320140906045447
80320140906045457
80320140906045506
80320140906045515
80320140906045524
80320140906045533
80320140906045542
80320140906045551
80320140906045559
80320140906045607
80320140906045615
80320140906045625
80320140906045634
80320140906045643
80320140906045653
80320140906045702
80320140906045712
80320140906045721
80320140906045732
80320140906045742
80320140906045753
80320140906045803
80320140906045812
80320140906045822
80320140906045832
80320140906045841
80320140906045851
80320140906045900
80320140906045909
80320140906045919
80320140906045929
80320140906045939
80320140906045948
80320140906045958
80320140906050008
80320140906050018
80320140906050028
80320140906050038
80320140906050050
80320140906050104
80320140906050116
80320140906050125
80320140906050136
80320140906050146
80320140906050156
80320140906050206
80320140906050225
80320140906050235
80320140906050245
80320140906050254
80320140906050305
80320140906050315
80320140906050325
80320140906050336
80320140906050349
80320140906050405
80320140906050417
80320140906050428
80320140906050438
80320140906050449
80320140906050458
80320140906050508
80320140906050530
80320140906050540
80320140906050550
80320140906050600
80320140906050611
80320140906050622
80320140906050631
80320140906050642
80320140906050659
80320140906050720
80320140906050731
80320140906050741
80320140906050752
80320140906050803
80320140906050813
80320140906050823
80320140906053021
80320140906053031
80320140906053041
80320140906053051
80320140906053101
80320140906053111
80320140906053123
80320140906053134
80320140906053146
80320140906053156
80320140906053208
80320140906053220
80320140906053231
80320140906053243
80320140906053255
80320140906053314
80320140906053326
80320140906053339
80320140906053400
80320140906053412
80320140906053425
80320140906053439
80320140906053454
80320140906053518
80320140906053532
80320140906053545
80320140906054439
80320140906054447
80320140906054454
80320140906054502
80320140906054510
80320140906054518
80320140906054526
80320140906054534
80320140906054542
80320140906054550
80320140906054558
80320140906054607
80320140906054615
80320140906054623
80320140906054631
80320140906054639
80320140906054647
80320140906054656
80320140906054704
80320140906054712
80320140906054720
80320140906054728
80320140906054737
80320140906054745
80320140906054754
80320140906054801
80320140906054809
80320140906054816
80320140906054825
80320140906054833
80320140906054842
80320140906054850
80320140906054859
80320140906054907
80320140906054915
80320140906054924
80320140906054931
80320140906054939
80320140906054948
80320140906054956
80320140906055004
80320140906055013
80320140906055021
80320140906055029
80320140906055038
80320140906055046
80320140906055054
80320140906055101
80320140906055109
80320140906055117
80320140906055125
80320140906055133
80320140906055142
80320140906055150
80320140906055159
80320140906055207
80320140906055215
80320140906055224
80320140906055232
80320140906055240
80320140906055249
80320140906055257
80320140906055306
80320140906055314
80320140906055323
80320140906055331
80320140906055340
80320140906055348
80320140906055356
80320140906055404
80320140906055412
80320140906055421
80320140906055430
80320140906055439
80320140906055448
80320140906055458
80320140906055507
80320140906055517
80320140906055526
80320140906055535
80320140906055543
80320140906055552
80320140906055601
80320140906055609
80320140906055617
80320140906055626
80320140906055634
80320140906055643
80320140906055652
80320140906055700
80320140906055709
80320140906055717
80320140906055726
80320140906055734
80320140906055743
80320140906055751
80320140906055800
80320140906055809
80320140906055816
80320140906055824
80320140906055833
80320140906055842
80320140906055850
80320140906055859
80320140906055908
80320140906055916
80320140906055925
80320140906055932
80320140906055941
80320140906055950
80320140906055958
80320140906060007
80320140906060015
80320140906060024
80320140906060033
80320140906060042
80320140906060051
80320140906060059
80320140906060107
80320140906060116
80320140906060125
80320140906060134
80320140906060143
80320140906060153
80320140906060204
80320140906060215
80320140906060226
80320140906060236
80320140906060245
80320140906060254
80320140906060303
80320140906060310
80320140906060319
80320140906060328
80320140906060337
80320140906060346
80320140906060355
80320140906060403
80320140906060412
80320140906060421
80320140906060430
80320140906060438
80320140906060447
80320140906060507
80320140906060516
80320140906060524
80320140906060533
80320140906060542
80320140906060550
80320140906060559
80320140906060608
80320140906060617
80320140906060626
80320140906060634
80320140906060643
80320140906060652
80320140906060701
80320140906060710
80320140906060719
80320140906060728
80320140906060737
80320140906060746
80320140906060755
80320140906060806
80320140906060820
80320140906060834
80320140906060846
80320140906060855
80320140906060904
80320140906060913
80320140906060922
80320140906060931
80320140906060940
80320140906060949
80320140906060958
80320140906061007
80320140906061015
80320140906061024
80320140906061033
80320140906061042
80320140906061051
80320140906061059
80320140906061108
